660
3474
1738
1725
2384
992
1416
1739
3558
4501
2501
1597
227
449
3834
4361
1352
1535
2211
3325
2550
4616
3466
2384
3200
4739
519
543
1239
1100
4366
2714
1666
3506
4640
4078
4903
1460
2825
2518
4059
3843
1066
1687
4248
299
2204
4166
2347
17
2429
3783
1932
4919
3241
1123
4040
2932
3872
2474
2264
2313
3407
231
1283
1389
3288
3684
2222
2573
4545
2190
1800
1077
1968
1672
3049
470
2737
3695
2467
4700
3214
1199
2987
204
308
1173
2813
3803
3289
2606
4551
2375
4127
681
3168
3018
4213
1962
39
4771
1024
2595
4712
4225
1462
4106
4765
1829
2310
4932
1956
4930
2547
3453
3752
1773
1161
2512
4882
4705
3223
2855
1546
137
1519
2451
2477
489
1842
1285
4953
4148
3236
2628
2984
3340
4755
4230
1759
2290
3968
2666
3422
1049
4460
4487
1384
3730
4924
4536
4988
528
1530
3919
496
3774
1170
1245
235
1662
1027
2745
3382
813
4959
1177
759
2036
2980
1256
2999
3208
4186
4924
2572
3255
297
2928
3660
4742
2778
4710
4632
1325
1888
3928
3813
2494
1533
4993
341
1920
1042
4633
1279
4672
84
2356
285
3473
2982
1300
4620
4124
3228
2655
140
4467
2076
3745
911
2030
3590
4711
4421
4021
3832
537
158
3828
3012
1033
4833
1021
1024
441
2031
3001
2682
1141
32
3328
4032
350
1847
2267
1726
4748
1094
3979
2095
1400
452
2074
4652
679
4730
1450
2454
1590
947
1059
1028
3877
2467
3832
87
3117
3667
1468
1467
3464
4705
710
4517
1551
1720
57
3530
2294
4450
940
3388
4135
3543
4738
1433
2910
1172
1865
4683
566
4330
2399
2450
1279
4714
4941
4732
4368
4794
466
3060
1186
4223
1490
2746
3769
3797
237
2202
4999
1567
1579
2364
1589
1534
1839
757
2149
4489
902
2443
4490
2045
4775
1167
3664
3715
2543
2599
53
2075
2951
279
2602
496
1889
334
4906
3410
3729
1370
3998
4918
4516
54
3077
2748
4503
565
417
3972
2595
3288
769
2294
3520
3590
106
1260
3913
4883
490
2841
3665
3573
4250
4618
527
1637
275
1380
2858
2389
3167
2485
2252
4626
4313
4499
1792
4952
4106
4343
2348
499
983
1769
462
979
3180
2710
2881
981
3417
1250
624
2224
1130
3819
1669
321
4172
1688
640
784
229
1685
2003
391
3161
4283
623
4249
3815
4262
2633
2209
3356
3420
539
4671
3020
2904
1089
1884
3071
4373
2638
867
4352
4298
1539
3551
385
1333
1482
813
1526
2867
1111
1749
2792
4067
3798
632
2142
2274
2282
1730
3504
2245
3439
1151
381
2981
586
1091
1104
527
4484
1494
4161
2798
2648
4216
4726
1417
1507
3302
1000
593
503
2768
146
2464
797
3244
2994
1050
4764
2673
1068
3519
1325
1299
2410
2281
3608
2292
529
1468
376
4876
2389
4891
1654
92
3297
3347
4764
3711
1467
3354
2532
1069
1635
2793
4172
2653
1285
1093
714
3502
3030
4725
256
3688
4898
2229
2969
1720
4721
4702
4830
3169
1216
2562
1836
1869
827
889
4589
1030
2837
1156
3582
2708
763
3812
3992
4048
915
2230
1776
2932
2402
3861
2675
2560
4995
2415
3360
3201
570
1867
2936
4412
3353
3152
3933
2596
2314
1495
3847
904
4153
2115
2754
2147
2913
1728
1486
4251
4171
4975
2708
306
3866
4279
3416
2199
1912
2760
4755
4808
4374
3859
617
2519
3106
1785
4836
158
4598
4010
4727
4973
4678
3185
902
4907
2978
1503
3228
701
75
3031
577
3680
749
640
3742
299
1513
2706
1190
19
3510
3567
174
1064
585
1444
2690
4917
4248
1522
2544
1930
2738
3232
2457
3777
2619
2645
3723
997
3638
1837
466
2625
2246
1912
915
3983
3785
1319
542
1825
2494
1349
1944
762
3280
3830
3939
373
1119
1411
4728
3549
2659
3884
3945
2989
3364
1684
2258
1267
1841
4063
1980
3239
3724
3438
4861
2610
4431
308
1997
670
1258
3350
1717
4544
424
2570
4231
2711
16
1055
1810
2494
4496
1046
1842
596
3489
3927
4580
1874
3785
4159
1904
2273
970
4209
913
1336
509
398
927
320
1889
4607
3335
4876
337
2883
3190
1317
3502
3315
4459
3882
1667
4169
1120
3311
2094
1001
4271
2111
3103
2824
477
4315
582
1675
3441
4197
4093
92
2732
4428
3399
3261
1336
4758
2917
4686
1252
3478
1239
4891
3491
4209
2442
235
2336
2742
4561
2353
2075
4650
552
4315
2831
1639
2028
3053
4247
4020
914
4510
4290
2619
3751
2507
3841
4886
4268
245
458
383
1857
1446
4568
4445
801
670
3655
3131
413
4795
10
3200
1001
1308
4392
1921
3732
4237
2582
1635
395
587
1297
1038
1374
205
4148
228
36
3868
2815
3190
1181
566
754
848
2825
4366
4726
1272
2944
3392
692
1906
1829
3651
1023
4979
4338
2433
801
2471
3904
4900
3125
4724
652
4091
2597
1708
730
3738
4992
4104
1048
1018
1868
4976
1960
4739
1855
2873
2570
4762
1194
2952
4106
2019
785
3139
2465
1311
2450
1876
861
1843
1559
2236
3291
2046
278
4090
1303
1714
4360
3399
713
1165
2665
4031
4997
1437
338
2952
2489
2768
4872
308
4479
2921
4975
4804
2147
2105
4712
3642
4189
1745
4027
2976
2814
4474
31
2573
1674
3786
1001
3165
1449
684
3116
109
1850
1066
3384
1844
4489
2393
1950
4145
4947
3405
3317
4282
945
1880
72
458
2930
4882
2735
3903
49
176
4936
2482
2780
4561
3556
38
2965
288
3293
4964
3566
238
4723
1424
1345
1916
1339
2053
4554
4114
4658
2024
2791
887
1370
3209
1804
1228
4045
3715
4036
3504
2821
465
1969
2490
2241
2875
3897
4567
4057
3356
4397
1022
3938
2976
2414
808
2278
2399
787
4906
1251
2883
654
3588
2066
1157
1202
1888
1646
608
1176
2842
4943
3253
4516