10
16
17
19
31
32
36
38
39
49
53
54
57
72
75
84
87
92
92
106
109
137
140
146
158
158
174
176
204
205
227
228
229
231
235
235
237
238
245
256
275
278
279
285
288
297
299
299
306
308
308
308
320
321
334
337
338
341
350
373
376
381
383
385
391
395
398
413
417
424
441
449
452
458
458
462
465
466
466
470
477
489
490
496
496
499
503
509
519
527
527
528
529
537
539
542
543
552
565
566
566
570
577
582
585
586
587
593
596
608
617
623
624
632
640
640
652
654
660
670
670
679
681
684
692
701
710
713
714
730
749
754
757
759
762
763
769
784
785
787
797
801
801
808
813
813
827
848
861
867
887
889
902
902
904
911
913
914
915
915
927
940
945
947
970
979
981
983
992
997
1000
1001
1001
1001
1018
1021
1022
1023
1024
1024
1027
1028
1030
1033
1038
1042
1046
1048
1049
1050
1055
1059
1064
1066
1066
1068
1069
1077
1089
1091
1093
1094
1100
1104
1111
1119
1120
1123
1130
1141
1151
1156
1157
1161
1165
1167
1170
1172
1173
1176
1177
1181
1186
1190
1194
1199
1202
1216
1228
1239
1239
1245
1250
1251
1252
1256
1258
1260
1267
1272
1279
1279
1283
1285
1285
1297
1299
1300
1303
1308
1311
1317
1319
1325
1325
1333
1336
1336
1339
1345
1349
1352
1370
1370
1374
1380
1384
1389
1400
1411
1416
1417
1424
1433
1437
1444
1446
1449
1450
1460
1462
1467
1467
1468
1468
1482
1486
1490
1494
1495
1503
1507
1513
1519
1522
1526
1530
1533
1534
1535
1539
1546
1551
1559
1567
1579
1589
1590
1597
1635
1635
1637
1639
1646
1654
1662
1666
1667
1669
1672
1674
1675
1684
1685
1687
1688
1708
1714
1717
1720
1720
1725
1726
1728
1730
1738
1739
1745
1749
1759
1769
1773
1776
1785
1792
1800
1804
1810
1825
1829
1829
1836
1837
1839
1841
1842
1842
1843
1844
1847
1850
1855
1857
1865
1867
1868
1869
1874
1876
1880
1884
1888
1888
1889
1889
1904
1906
1912
1912
1916
1920
1921
1930
1932
1944
1950
1956
1960
1962
1968
1969
1980
1997
2003
2019
2024
2028
2030
2031
2036
2045
2046
2053
2066
2074
2075
2075
2076
2094
2095
2105
2111
2115
2142
2147
2147
2149
2190
2199
2202
2204
2209
2211
2222
2224
2229
2230
2236
2241
2245
2246
2252
2258
2264
2267
2273
2274
2278
2281
2282
2290
2292
2294
2294
2310
2313
2314
2336
2347
2348
2353
2356
2364
2375
2384
2384
2389
2389
2393
2399
2399
2402
2410
2414
2415
2429
2433
2442
2443
2450
2450
2451
2454
2457
2464
2465
2467
2467
2471
2474
2477
2482
2485
2489
2490
2494
2494
2494
2501
2507
2512
2518
2519
2532
2543
2544
2547
2550
2560
2562
2570
2570
2572
2573
2573
2582
2595
2595
2596
2597
2599
2602
2606
2610
2619
2619
2625
2628
2633
2638
2645
2648
2653
2655
2659
2665
2666
2673
2675
2682
2690
2706
2708
2708
2710
2711
2714
2732
2735
2737
2738
2742
2745
2746
2748
2754
2760
2768
2768
2778
2780
2791
2792
2793
2798
2813
2814
2815
2821
2824
2825
2825
2831
2837
2841
2842
2855
2858
2867
2873
2875
2881
2883
2883
2904
2910
2913
2917
2921
2928
2930
2932
2932
2936
2944
2951
2952
2952
2965
2969
2976
2976
2978
2980
2981
2982
2984
2987
2989
2994
2999
3001
3012
3018
3020
3030
3031
3049
3053
3060
3071
3077
3103
3106
3116
3117
3125
3131
3139
3152
3161
3165
3167
3168
3169
3180
3185
3190
3190
3200
3200
3201
3208
3209
3214
3223
3228
3228
3232
3236
3239
3241
3244
3253
3255
3261
3280
3288
3288
3289
3291
3293
3297
3302
3311
3315
3317
3325
3328
3335
3340
3347
3350
3353
3354
3356
3356
3360
3364
3382
3384
3388
3392
3399
3399
3405
3407
3410
3416
3417
3420
3422
3438
3439
3441
3453
3464
3466
3473
3474
3478
3489
3491
3502
3502
3504
3504
3506
3510
3519
3520
3530
3543
3549
3551
3556
3558
3566
3567
3573
3582
3588
3590
3590
3608
3638
3642
3651
3655
3660
3664
3665
3667
3680
3684
3688
3695
3711
3715
3715
3723
3724
3729
3730
3732
3738
3742
3745
3751
3752
3769
3774
3777
3783
3785
3785
3786
3797
3798
3803
3812
3813
3815
3819
3828
3830
3832
3832
3834
3841
3843
3847
3859
3861
3866
3868
3872
3877
3882
3884
3897
3903
3904
3913
3919
3927
3928
3933
3938
3939
3945
3968
3972
3979
3983
3992
3998
4010
4020
4021
4027
4031
4032
4036
4040
4045
4048
4057
4059
4063
4067
4078
4090
4091
4093
4104
4106
4106
4106
4114
4124
4127
4135
4145
4148
4148
4153
4159
4161
4166
4169
4171
4172
4172
4186
4189
4197
4209
4209
4213
4216
4223
4225
4230
4231
4237
4247
4248
4248
4249
4250
4251
4262
4268
4271
4279
4282
4283
4290
4298
4313
4315
4315
4330
4338
4343
4352
4360
4361
4366
4366
4368
4373
4374
4392
4397
4412
4421
4428
4431
4445
4450
4459
4460
4467
4474
4479
4484
4487
4489
4489
4490
4496
4499
4501
4503
4510
4516
4516
4517
4536
4544
4545
4551
4554
4561
4561
4567
4568
4580
4589
4598
4607
4616
4618
4620
4626
4632
4633
4640
4650
4652
4658
4671
4672
4678
4683
4686
4700
4702
4705
4705
4710
4711
4712
4712
4714
4721
4723
4724
4725
4726
4726
4727
4728
4730
4732
4738
4739
4739
4742
4748
4755
4755
4758
4762
4764
4764
4765
4771
4775
4794
4795
4804
4808
4830
4833
4836
4861
4872
4876
4876
4882
4882
4883
4886
4891
4891
4898
4900
4903
4906
4906
4907
4917
4918
4919
4924
4924
4930
4932
4936
4941
4943
4947
4952
4953
4959
4964
4973
4975
4975
4976
4979
4988
4992
4993
4995
4997
4999